
Alpha values [deg]:
-10.000000000000
-8.000000000000
-6.000000000000
-4.000000000000
-2.000000000000
0.000000000000
2.000000000000
5.000000000000
6.000000000000
8.000000000000
10.000000000000
12.000000000000
14.000000000000
16.000000000000

CL values:
-1.053677986793
-0.880399868653
-0.707121750513
-0.533843632373
-0.360565514233
-0.187287396093
-0.014009277953
0.245907899257
0.332546958327
0.505825076467
0.679103194607
0.852381312747
1.025659430887
1.198937549027

CDi values:
0.046623377562
0.032933688358
0.021674408983
0.012845539435
0.006447079716
0.002479029825
0.000941389762
0.003191948095
0.005157339121
0.010910928543
0.019094927793
0.029709336871
0.042754155777
0.058229384512
